<?xml version="1.0"?>
<opencv_storage>
<calibration_Time>"Fri Dec 12 17:17:31 2014"</calibration_Time>
<nrOfFrames>8</nrOfFrames>
<image_Width>640</image_Width>
<image_Height>480</image_Height>
<board_Width>5</board_Width>
<board_Height>4</board_Height>
<square_Size>150.</square_Size>
<FixAspectRatio>1.</FixAspectRatio>
<!-- flags:  +fix_aspectRatio +fix_principal_point -->
<flagValue>6</flagValue>
<Camera_Matrix type_id="opencv-matrix">
  <rows>3</rows>
  <cols>3</cols>
  <dt>d</dt>
  <data>
    1.4380841119206500e+03 0. 3.1950000000000000e+02 0.
    1.4380841119206500e+03 2.3950000000000000e+02 0. 0. 1.</data></Camera_Matrix>
<Distortion_Coefficients type_id="opencv-matrix">
  <rows>5</rows>
  <cols>1</cols>
  <dt>d</dt>
  <data>
    -3.6462075098924158e+00 3.9839107847611928e+01
    -1.5167015119582902e-02 2.2484697774160723e-02
    -9.0344887819508267e+02</data></Distortion_Coefficients>
<Avg_Reprojection_Error>7.2785753831767580e-02</Avg_Reprojection_Error>
<Per_View_Reprojection_Errors type_id="opencv-matrix">
  <rows>8</rows>
  <cols>1</cols>
  <dt>f</dt>
  <data>
    1.00174941e-01 8.15672502e-02 8.24321806e-02 6.92661256e-02
    6.63800910e-02 6.11238852e-02 5.90520613e-02 4.97135781e-02</data></Per_View_Reprojection_Errors>
<!-- a set of 6-tuples (rotation vector + translation vector) for each view -->
<Extrinsic_Parameters type_id="opencv-matrix">
  <rows>8</rows>
  <cols>6</cols>
  <dt>d</dt>
  <data>
    -7.2620377330719230e-02 4.6744322734681050e-02
    -3.1325380578138247e+00 1.3504099239442291e+02
    2.1066256976910930e+02 6.5145502985413214e+03
    -4.1786999791810137e-02 4.2482152507740081e-02
    -2.8095013785600864e+00 -4.7071351567305165e+01
    2.5647136792596871e+02 6.5259284812328133e+03
    -1.9869537874017788e-03 3.5617902844119302e-02
    -2.2925451923877280e+00 -3.4913349325460933e+02
    3.1971585460198082e+02 6.5405823083167734e+03 2.7132392394796808e-02
    4.6790224336532828e-02 -1.7610122851967660e+00
    -4.0078991615199152e+02 2.7637794007673216e+02
    6.5439546608968649e+03 3.2478365612467711e-02 5.0617503272145162e-02
    -1.4406702288742761e+00 -4.7016823417406027e+02
    1.9757428604508902e+02 6.5410350009778267e+03 3.7001858936033721e-02
    5.2099534768904457e-02 -1.4109026000219520e+00
    -4.6746680838222727e+02 1.6884369888763661e+02
    6.5402955842597585e+03 4.9895958119942463e-02 5.1441322363725568e-02
    -5.5868702733949149e-01 -6.5157552052916253e+02
    -9.7739180946425506e+01 6.5303594866052345e+03
    4.5605787171297450e-02 3.9456598268884667e-02 1.7082297876840562e-02
    -7.2169596863695540e+02 -2.9325095633265238e+02
    6.5253291399327436e+03</data></Extrinsic_Parameters>
<Image_points type_id="opencv-matrix">
  <rows>8</rows>
  <cols>20</cols>
  <dt>"2f"</dt>
  <data>
    3.49084198e+02 2.85773743e+02 3.16363129e+02 2.85473602e+02
    2.83606293e+02 2.84942200e+02 2.51453812e+02 2.84268951e+02
    2.20218170e+02 2.83428741e+02 3.49415466e+02 2.52910507e+02
    3.16614166e+02 2.52601746e+02 2.83631744e+02 2.52279938e+02
    2.51409592e+02 2.51853622e+02 2.19854950e+02 2.51414993e+02
    3.49722717e+02 2.19780563e+02 3.16751587e+02 2.19551361e+02
    2.83916595e+02 2.19336823e+02 2.51490814e+02 2.19245651e+02
    2.20030930e+02 2.19033386e+02 3.49800385e+02 1.86755432e+02
    3.17072083e+02 1.86524139e+02 2.84257874e+02 1.86389709e+02
    2.52012070e+02 1.86473358e+02 2.20530533e+02 1.86778885e+02
    3.09179688e+02 2.95561005e+02 2.78310089e+02 2.84823883e+02
    2.47930740e+02 2.73855438e+02 2.18122574e+02 2.63065460e+02
    1.89469543e+02 2.52266327e+02 3.19756042e+02 2.64750183e+02
    2.88761627e+02 2.53987549e+02 2.58021759e+02 2.43251297e+02
    2.28105972e+02 2.32548859e+02 1.98924973e+02 2.22108276e+02
    3.30549347e+02 2.33473694e+02 2.99447906e+02 2.22779343e+02
    2.68574280e+02 2.12159805e+02 2.38350525e+02 2.01744919e+02
    2.09108139e+02 1.91618698e+02 3.41294342e+02 2.02209305e+02
    3.10232391e+02 1.91538452e+02 2.79267700e+02 1.81111343e+02
    2.49109543e+02 1.71028229e+02 2.19584976e+02 1.61339386e+02
    2.44436829e+02 3.08139862e+02 2.23461411e+02 2.83751740e+02
    2.02858597e+02 2.59579590e+02 1.82872726e+02 2.35498672e+02
    1.63808105e+02 2.11943542e+02 2.68066467e+02 2.87374969e+02
    2.46662018e+02 2.62966187e+02 2.25746277e+02 2.38489502e+02
    2.05443192e+02 2.14356766e+02 1.85790405e+02 1.90658310e+02
    2.92280609e+02 2.66150635e+02 2.70675720e+02 2.41493271e+02
    2.49470840e+02 2.16951385e+02 2.28714996e+02 1.92752182e+02
    2.08710907e+02 1.69186874e+02 3.16947266e+02 2.44378357e+02
    2.95288635e+02 2.19665253e+02 2.73730316e+02 1.95056870e+02
    2.52733337e+02 1.71078476e+02 2.32365219e+02 1.47598206e+02
    2.33554504e+02 2.98637726e+02 2.27165955e+02 2.67246735e+02
    2.20885513e+02 2.35576935e+02 2.15223618e+02 2.03937988e+02
    2.09744766e+02 1.72637924e+02 2.64533051e+02 2.93240234e+02
    2.58095612e+02 2.61453552e+02 2.51922058e+02 2.29403961e+02
    2.45920670e+02 1.97434799e+02 2.40340897e+02 1.65786133e+02
    2.96280823e+02 2.87401062e+02 2.89988556e+02 2.55451523e+02
    2.83721802e+02 2.23133835e+02 2.77681488e+02 1.90906754e+02
    2.71755066e+02 1.59137482e+02 3.28506348e+02 2.81382751e+02
    3.22281006e+02 2.49238770e+02 3.16108002e+02 2.16748611e+02
    3.09821899e+02 1.84493988e+02 3.03766815e+02 1.52650543e+02
    2.18810379e+02 2.81628174e+02 2.22473953e+02 2.49977219e+02
    2.26302872e+02 2.17949295e+02 2.30608780e+02 1.85798706e+02
    2.35245712e+02 1.54097855e+02 2.50046478e+02 2.86346008e+02
    2.53720062e+02 2.54389755e+02 2.57774200e+02 2.21993622e+02
    2.62064178e+02 1.89546204e+02 2.66611969e+02 1.57413910e+02
    2.81878204e+02 2.90959503e+02 2.85885071e+02 2.58806030e+02
    2.90055420e+02 2.26183289e+02 2.94382324e+02 1.93499893e+02
    2.98697266e+02 1.61190445e+02 3.14358154e+02 2.95311462e+02
    3.18469788e+02 2.63167847e+02 3.22835602e+02 2.30407654e+02
    3.27028137e+02 1.97655258e+02 3.31341003e+02 1.65165649e+02
    2.19327057e+02 2.75534851e+02 2.23880890e+02 2.43897842e+02
    2.28649872e+02 2.11953949e+02 2.34012207e+02 1.80014938e+02
    2.39590393e+02 1.48448471e+02 2.50370544e+02 2.81142639e+02
    2.55057404e+02 2.49300125e+02 2.60172729e+02 2.16977814e+02
    2.65422546e+02 1.84666870e+02 2.70916321e+02 1.52708359e+02
    2.82175140e+02 2.86641632e+02 2.87182953e+02 2.54612579e+02
    2.92263794e+02 2.22103180e+02 2.97617676e+02 1.89543457e+02
    3.02860748e+02 1.57410950e+02 3.14470123e+02 2.92010193e+02
    3.19649750e+02 2.59849091e+02 3.24947021e+02 2.27256821e+02
    3.30085052e+02 1.94693878e+02 3.35388763e+02 1.62426590e+02
    1.81723465e+02 2.18521866e+02 2.07268967e+02 2.01406372e+02
    2.33613190e+02 1.83890396e+02 2.60719116e+02 1.66405212e+02
    2.88368286e+02 1.48942581e+02 1.97714462e+02 2.45540421e+02
    2.23504440e+02 2.28568527e+02 2.50227905e+02 2.11237366e+02
    2.77675751e+02 1.93645569e+02 3.05498779e+02 1.76186615e+02
    2.14316376e+02 2.72838593e+02 2.40274628e+02 2.56230652e+02
    2.67386810e+02 2.39008087e+02 2.94907257e+02 2.21555130e+02
    3.23069672e+02 2.03983841e+02 2.31270462e+02 3.00167664e+02
    2.57559174e+02 2.83738373e+02 2.84708099e+02 2.66826538e+02
    3.12509277e+02 2.49525696e+02 3.40547913e+02 2.32043015e+02
    1.68904785e+02 1.77808472e+02 1.98108154e+02 1.77461960e+02
    2.28694717e+02 1.77268814e+02 2.60308350e+02 1.77295471e+02
    2.92809509e+02 1.77452255e+02 1.67846085e+02 2.09120178e+02
    1.97179337e+02 2.09256866e+02 2.27730270e+02 2.09520004e+02
    2.59488525e+02 2.09780167e+02 2.92088959e+02 2.10220398e+02
    1.67482529e+02 2.40543716e+02 1.96636826e+02 2.41291153e+02
    2.27303101e+02 2.41946793e+02 2.58937744e+02 2.42602341e+02
    2.91550812e+02 2.43317917e+02 1.67562408e+02 2.71888397e+02
    1.96727203e+02 2.73090363e+02 2.27137711e+02 2.74220581e+02
    2.58738831e+02 2.75241913e+02 2.91127014e+02 2.76076263e+02</data></Image_points>
</opencv_storage>
